"Week"	"Time"	"mean_cort_by_day"	"stdv_by_day"
"1"	1	1	7.48310790676624	0.788727730512619
"2"	1	2	9.79221037309617	0.525983249954879
"3"	1	3	7.77446379233152	0.517984024435282
"4"	1	4	6.61980469338596	0.869149052910507
"5"	1	5	7.23224439844489	0.43020082898438
"6"	1	6	8.4524449845776	0.717596583254635
"7"	1	7	6.07732768543065	0.135345461592078
"8"	2	8	1.3112111535389	0.548023740760982
"9"	2	9	4.52699712803587	0.546044033020735
"10"	2	10	2.85025826974306	0.331485849991441
"11"	2	11	4.10951663018204	0.266677289828658
"12"	2	12	2.39730837550014	0.833001628518105
"13"	2	13	3.88260638006032	0.871490664035082
"14"	2	14	4.29313055905513	0.583688838966191
"15"	3	15	7.62378725316375	0.120505449548364
"16"	3	16	6.06090152729303	0.37700754981488
"17"	3	17	7.31156220193952	0.7137032603845
"18"	3	18	9.53879259247333	0.59323229920119
"19"	3	19	7.7495112977922	0.707250999473035
"20"	3	20	9.17694152053446	0.434658508934081
"21"	3	21	7.42672982346267	0.265120058879256
"22"	4	22	3.19968820170034	0.780770477838814
"23"	4	23	2.39322218818124	0.114335792511702
"24"	4	24	2.48936448772438	0.242410504072905
"25"	4	25	1.45300203296356	0.720137855410576
"26"	4	26	4.82200831118971	0.870198122225702
"27"	4	27	0.300648596556857	0.786857801489532
"28"	4	28	0.546056832070462	0.669287774525583
