"Week"	"Time"	"mean_cort_by_day"	"stdv_by_day"	"Enrichment"
"1"	1	1	6.44385706912726	0.478521986119449	0
"2"	1	2	8.9588262103498	0.535913511738181	0
"3"	1	3	9.19026692956686	0.125620693899691	0
"4"	1	4	6.86477324739099	0.709353881143034	0
"5"	1	5	9.35636025294662	0.538044299185276	0
"6"	1	6	9.78495890460908	0.801163718290627	0
"7"	1	7	7.59304133895785	0.129962478764355	0
"8"	2	8	2.60262612234801	0.558871847391129	1
"9"	2	9	1.73863347114529	0.698693428374827	1
"10"	2	10	1.54050872351509	0.316924168542027	1
"11"	2	11	3.60707118753344	0.833184028789401	1
"12"	2	12	2.68263836042024	0.898491783626378	1
"13"	2	13	1.601828828617	0.42704525385052	1
"14"	2	14	1.00188534592744	0.696491764113307	1
"15"	3	15	7.74292580224574	0.591174116358161	0
"16"	3	16	8.63978024572134	0.753311165608466	0
"17"	3	17	7.12407622206956	0.325852772593498	0
"18"	3	18	7.26261353679001	0.544641524367035	0
"19"	3	19	6.72953265253454	0.719456073641777	0
"20"	3	20	8.01361224148422	0.422123962454498	0
"21"	3	21	6.23123185895383	0.540169482678175	0
"22"	4	22	1.30213858215138	0.608138372190297	1
"23"	4	23	3.30175595607143	0.135992160439491	1
"24"	4	24	1.87236356672365	0.756485247984529	1
"25"	4	25	1.57850422433112	0.385291111283004	1
"26"	4	26	2.2670950806234	0.406112426146865	1
"27"	4	27	4.77761816813145	0.180158446729183	1
"28"	4	28	2.54300676372368	0.722738437540829	1
